1b 40 
1d 50 cb cb 
1d 61 0f 
1b 20 02  
1c 53 00 02  
1b 52 0f 
1b 74 00 
1d 4c 00 00
1d 57 40 02 
1d 47 0c 00 
1d 72 01 
1c 26 0a 
1c 2e 
1b 52 00 
1b 74 00 
1d 4c 00 00 
1d 57 40 02 
1d 47 0c 00 
1d 28 6b 03 00 30 43 01 
1d 28 6b 03 00 30 44 01 
1d 28 6b 04 00 30 45 30 2f 
1d 28 6b 39 00 30 50 30 
7b 22 79 22 3a 22  
41 39 39 22  2c 22 78 22  
3a 22 41 35  33 36 41 46  
30 44 2d 45  33 34 35 2d  
34 37 30 33  2d 41 42 32  
42 2d 41 46  34 39 31 32  
32 39 44 34  34 38 22 7d  
1d 28 6b 03  00 30 51 30  
0a 0a

1b 52 00 
1b 74 00 
1d 4c 00 00 
1d 57 40 02 
1d 47 0c 00 
1d 28 6b 03 00 30  
43 01 
1d 28 6b 03 00 30  
44 01 
1d 28 6b 04 00 30  
45 30 2f 
1d 28 6b 39 00  
30 50 30 7b  22 79 22 3a  
22 41 39 39  22 2c 22 78  
22 3a 22 41  35 33 36 41  
46 30 44 2d  45 33 34 35  
2d 34 37 30  33 2d 41 42  
32 42 2d 41  46 34 39 31  
32 32 39 44  34 34 38 22  
7d 
1d 28 6b 03 00 30 51  
30 1b 52 00  
0a 0a

1b 74 00 
1d 4c 00 00 
1d 57 40 02 
1d 47 0c 00 
1d 28 6b 03 00  
30 43 01 
1d 28 6b 03 00  
30 44 01 
1d 28 6b 04 00  
30 45 30 2f  
1d 28 6b 39  
00 30 50 30  7b 22 79 22  
3a 22 41 39  39 22 2c 22  
78 22 3a 22  41 35 33 36  
41 46 30 44  2d 45 33 34  
35 2d 34 37  30 33 2d 41  
42 32 42 2d  41 46 34 39  
31 32 32 39  44 34 34 38  
22 7d 
1d 28 6b 03 00 30  
51 30 1b 52  00 
0a 0a

1b 74 00  
1d 4c 00 00  
1d 57 40 02  
1d 47 0c 00  
1d 28 6b 03  
00 30 43 01  
1d 28 6b 03  
00 30 44 01  
1d 28 6b 04  
00 30 45 30 2f 
1d 28 6b  
39 00 30 50  30 7b 22 79  
22 3a 22 41  39 39 22 2c  
22 78 22 3a  22 41 35 33  
36 41 46 30  44 2d 45 33  
34 35 2d 34  37 30 33 2d  
41 42 32 42  2d 41 46 34  
39 31 32 32  39 44 34 34  
38 22 7d 
1d 28 6b 03 00  
30 51 30                  
